{
 "opacity":1.0000000,
 "messagex":0.220000,
 "messagey":0.120000,
 "width":1024,
 "height":768,
 "top":251,
 "left":1,
 "bottom":252,
 "right":1
}
