{
 "opacity":1.0000000,
 "messagex":0.220000,
 "messagey":0.120000,
 "width":1024,
 "height":768,
 "top":0,
 "left":227,
 "bottom":1,
 "right":225
}
